1 0 0
2 0 0
3 0 0
4 0 0
5 0 0
6 0 0
7 0 0
8 0 0
9 0 0
10 0 0
11 0 0
12 0 0
13 0 0
14 0 0
15 0 0
16 0 0
17 0 0
18 0 0
19 0 0
20 0 0
21 0 0
22 0 0
23 0 0
24 0 0
25 0 0
26 0 0
27 0 0
28 0 0
29 0 0
30 0 0
31 0 0
32 0 0
33 0 0
34 0 0
35 0 0
36 0 0
37 0 0
38 0 0
39 0 0
40 0 0
41 0 0
42 0 0
43 0 0
44 0 0
45 0 0
46 0 0
47 0 0
48 0 0
49 0 0
50 0 0
51 0 0
52 0 0
53 0 0
54 0 0
55 0 0
56 0 0
57 0 0
58 0 0
59 0 0
60 0 0
61 0 0
62 0 0
63 0 0
64 0 0
65 0 0
66 0 0
67 0 0
68 0 0
69 0 0
70 0 0
71 0 0
72 0 0
73 0 0
74 0 0
75 0 0
76 0 0
77 0 0
78 0 0
79 0 0
80 0 0
81 0 0
82 0 0
83 0 0
84 0 0
85 0 0
86 0 0
87 0 0
88 0 0
89 0 0
90 0 0
91 0 0
92 0 0
93 0 0
94 0 0
95 0 0
96 0 0
97 0 0
98 0 0
99 0 0
100 0 0
101 0 0
102 0 0
103 0 0
104 0 0
105 0 0
106 0 0
107 0 0
108 0 0
109 0 0
110 0 0
111 0 0
112 0 0
113 0 0
114 0 0
115 0 0
116 0 0
117 0 0
118 0 0
119 0 0
120 0 0
121 0 0
122 0 0
123 0 0
124 0 0
125 0 0
126 0 0
127 0 0
128 0 0
129 0 0
130 0 0
131 0 0
132 0 0
133 0 0
134 0 0
135 0 0
136 0 0
137 0 0
138 0 0
139 0 0
140 0 0
141 0 0
142 0 0
143 0 0
144 0 0
145 0 0
146 0 0
147 0 0
148 0 0
149 0 0
150 0 0
151 0 0
152 0 0
153 0 0
154 0 0
155 0 0
156 0 0
157 0 0
158 0 0
159 0 0
160 0 0
161 0 0
162 0 0
163 0 0
164 0 0
165 0 0
166 0 0
167 0 0
168 0 0
169 0 0
170 0 0
171 0 0
172 0 0
173 0 0
174 0 0
175 0 0
176 0 0
177 0 0
178 0 0
179 0 0
180 0 0
181 0 0
182 0 0
183 0 0
184 0 0
185 0 0
186 0 0
187 0 0
188 0 0
189 0 0
190 0 0
191 0 0
192 0 0
193 0 0
194 0 0
195 0 0
196 0 0
197 0 0
198 0 0
199 0 0
200 0 0
201 0 0
202 0 0
203 0 0
204 0 0
205 0 0
206 0 0
207 0 0
208 0 0
209 0 0
210 0 0
211 0 0
212 0 0
213 0 0
214 0 0
215 0 0
216 0 0
217 0 0
218 0 0
219 0 0
220 0 0
221 0 0
222 0 0
223 0 0
224 0 0
225 0 0
226 0 0
227 0 0
228 0 0
229 0 0
230 0 0
231 0 0
232 0 0
233 0 0
234 0 0
235 0 0
236 0 0
237 0 0
238 0 0
239 0 0
240 0 0
241 0 0
242 0 0
243 0 0
244 0 0
245 0 0
246 0 0
247 0 0
248 0 0
249 0 0
250 0 0
251 0 0
252 0 0
253 0 0
254 0 0
255 0 0
256 0 0
257 0 0
258 0 0
259 0 0
260 0 0
261 0 0
262 0 0
263 0 0
264 0 0
265 0 0
266 0 0
267 0 0
268 0 0
269 0 0
270 0 0
271 0 0
272 0 0
273 0 0
274 0 0
275 0 0
276 0 0
277 0 0
278 0 0
279 0 0
280 0 0
281 0 0
282 0 0
283 0 0
284 0 0
285 0 0
286 0 0
287 0 0
288 0 0
289 0 0
290 0 0
291 0 0
292 0 0
293 0 0
294 0 0
295 0 0
296 0 0
297 0 0
298 0 0
299 0 0
300 0 0
301 0 0
302 0 0
303 0 0
304 0 0
305 0 0
306 0 0
307 0 0
308 0 0
309 0 0
310 0 0
311 0 0
312 0 0
313 0 0
314 0 0
315 0 0
316 0 0
317 0 0
318 0 0
319 0 0
320 0 0
321 0 0
322 0 0
323 0 0
324 0 0
325 0 0
326 0 0
327 0 0
328 0 0
329 0 0
330 0 0
331 0 0
332 0 0
333 0 0
334 0 0
335 0 0
336 0 0
337 0 0
338 0 0
339 0 0
340 0 0
341 0 0
342 0 0
343 0 0
344 0 0
345 0 0
346 0 0
347 0 0
348 0 0
349 0 0
350 0 0
351 0 0
352 0 0
353 0 0
354 0 0
355 0 0
356 0 0
357 0 0
358 0 0
359 0 0
360 0 0
361 0 0
362 0 0
363 0 0
364 0 0
365 0 0
366 0 0
367 0 0
368 0 0
369 0 0
370 0 0
371 0 0
372 0 0
373 0 0
374 0 0
375 0 0
376 0 0
377 0 0
378 0 0
379 0 0
380 0 0
381 0 0
382 0 0
383 0 0
384 0 0
385 0 0
386 0 0
387 0 0
388 0 0
389 0 0
390 0 0
391 0 0
392 0 0
393 0 0
394 0 0
395 0 0
396 0 0
397 0 0
398 0 0
399 0 0
400 0 0
401 0 0
402 0 0
403 0 0
404 0 0
405 0 0
406 0 0
407 0 0
408 0 0
409 0 0
410 0 0
411 0 0
412 0 0
413 0 0
414 0 0
415 0 0
416 0 0
417 0 0
418 0 0
419 0 0
420 0 0
421 0 0
422 0 0
423 0 0
424 0 0
425 0 0
426 0 0
427 0 0
428 0 0
429 0 0
430 0 0
431 0 0
432 0 0
433 0 0
434 0 0
435 0 0
436 0 0
437 0 0
438 0 0
439 0 0
440 0 0
441 0 0
442 0 0
443 0 0
444 0 0
445 0 0
446 0 0
447 0 0
448 0 0
449 0 0
450 0 0
451 0 0
452 0 0
453 0 0
454 0 0
455 0 0
456 0 0
457 0 0
458 0 0
459 0 0
460 0 0
461 0 0
462 0 0
463 0 0
464 0 0
465 0 0
466 0 0
467 0 0
468 0 0
469 0 0
470 0 0
471 0 0
472 0 0
473 0 0
474 0 0
475 0 0
476 0 0
477 0 0
478 0 0
479 0 0
480 0 0
481 0 0
482 0 0
483 0 0
484 0 0
485 0 0
486 0 0
487 0 0
488 0 0
489 0 0
490 0 0
491 0 0
492 0 0
493 0 0
494 0 0
495 0 0
496 0 0
497 0 0
498 0 0
499 0 0
500 0 0
501 0 0
502 0 0
503 0 0
504 0 0
505 0 0
506 0 0
507 0 0
508 0 0
509 0 0
510 0 0
511 0 0
512 0 0
513 0 0
514 0 0
515 0 0
516 1 187
517 2 188
518 3 189
519 4 190
520 0 191
521 5 192
522 6 193
523 7 194
524 8 195
525 9 196
526 10 197
527 11 198
528 12 199
529 9 200
530 9 200
531 8 201
532 13 202
533 14 203
534 15 204
535 16 205
536 17 206
537 17 207
538 12 208
539 12 208
540 12 209
541 12 210
542 12 210
543 12 210
544 12 210
545 12 210
546 18 211
547 19 212
548 19 212
549 19 212
550 20 213
551 21 214
552 22 215
553 22 215
554 23 216
555 23 217
556 17 218
557 24 219
558 17 220
559 25 221
560 17 222
561 17 223
562 26 224
563 27 225
564 28 226
565 29 227
566 30 228
567 31 229
568 6 230
569 32 231
570 29 232
571 33 208
572 30 233
573 34 234
574 35 235
575 26 212
576 26 212
577 26 212
578 36 236
579 37 237
580 38 238
581 39 239
582 40 240
583 41 241
584 42 242
585 0 0
586 40 243
587 40 244
588 40 245
589 43 246
590 43 530
591 44 247
592 45 248
593 46 249
594 29 250
595 47 251
596 47 252
597 0 0
598 521 517
599 48 253
600 49 212
601 49 212
602 38 254
603 50 255
604 529 256
605 51 236
606 44 540
607 525 536
608 52 257
609 53 258
610 54 259
611 534 260
612 528 261
613 46 262
614 528 541
615 528 541
616 528 541
617 528 541
618 528 541
619 54 263
620 55 264
621 559 265
622 559 266
623 56 267
624 57 268
625 58 269
626 59 270
627 60 271
628 61 272
629 58 273
630 62 274
631 63 275
632 529 208
633 64 276
634 566 277
635 65 278
636 566 279
637 66 280
638 566 557
639 566 557
640 67 281
641 67 282
642 68 283
643 69 284
644 58 540
645 537 543
646 70 285
647 572 578
648 65 538
649 537 527
650 65 286
651 65 286
652 71 287
653 72 288
654 573 519
655 546 545
656 69 548
657 69 289
658 69 289
659 565 290
660 73 291
661 74 292
662 75 293
663 546 558
664 535 520
665 76 271
666 77 294
667 526 579
668 71 295
669 593 533
670 78 296
671 593 297
672 79 298
673 80 299
674 81 300
675 73 301
676 82 302
677 565 560
678 565 560
679 83 303
680 84 304
681 85 305
682 577 524
683 75 544
684 562 540
685 577 543
686 86 306
687 87 307
688 88 308
689 534 309
690 89 310
691 90 311
692 91 312
693 81 545
694 567 547
695 92 313
696 81 314
697 603 602
698 93 315
699 603 316
700 90 317
701 90 318
702 89 319
703 564 583
704 529 576
705 94 320
706 585 321
707 516 580
708 570 530
709 95 322
710 96 323
711 96 323
712 581 324
713 569 571
714 97 325
715 613 554
716 96 326
717 523 553
718 574 522
719 574 522
720 585 327
721 89 328
722 89 329
723 98 330
724 99 331
725 585 589
726 585 561
727 585 561
728 100 332
729 101 540
730 102 333
731 103 334
732 104 335
733 534 588
734 534 588
735 534 588
736 534 588
737 591 538
738 591 563
739 105 336
740 106 337
741 636 605
742 636 605
743 581 338
744 104 339
745 636 340
746 599 549
747 599 542
748 647 341
749 107 342
750 108 639
751 109 343
752 110 344
753 111 345
754 110 346
755 586 575
756 604 548
757 604 548
758 586 606
759 112 347
760 109 348
761 611 612
762 112 349
763 113 350
764 629 351
765 609 582
766 666 352
767 666 352
768 666 623
769 114 353
770 618 615
771 646 624
772 115 354
773 625 355
774 653 621
775 116 356
776 117 357
777 117 357
778 116 358
779 118 359
780 117 360
781 629 540
782 629 540
783 119 361
784 117 362
785 120 363
786 629 543
787 629 364
788 628 592
789 661 365
790 121 366
791 635 367
792 117 368
793 671 637
794 661 634
795 661 634
796 661 634
797 661 634
798 661 633
799 645 588
800 618 631
801 618 631
802 645 369
803 645 632
804 635 370
805 635 371
806 645 372
807 122 373
808 123 374
809 655 601
810 655 601
811 655 600
812 587 545
813 124 375
814 627 576
815 532 552
816 532 552
817 645 376
818 121 377
819 559 378
820 559 378
821 550 555
822 550 555
823 125 379
824 640 380
825 625 531
826 625 531
827 655 582
828 104 381
829 625 648
830 102 382
831 659 383
832 126 691
833 126 384
834 705 622
835 705 622
836 645 657
837 705 385
838 647 0
839 625 614
840 625 614
841 625 615
842 625 615
843 625 615
844 625 615
845 127 386
846 709 699
847 715 387
848 128 388
849 652 389
850 635 656
851 635 656
852 635 656
853 635 656
854 635 656
855 635 656
856 108 390
857 655 664
858 129 391
859 130 392
860 129 393
861 635 394
862 129 359
863 665 543
864 688 672
865 641 364
866 131 287
867 700 711
868 715 669
869 723 634
870 132 395
871 133 396
872 133 369
873 723 397
874 640 588
875 640 588
876 640 588
877 723 670
878 134 551
879 723 265
880 715 398
881 135 399
882 700 716
883 136 400
884 137 321
885 658 539
886 641 683
887 673 675
888 673 675
889 658 401
890 643 568
891 641 544
892 658 402
893 687 676
894 687 403
895 730 344
896 732 404
897 730 584
898 730 584
899 748 405
900 652 576
901 659 406
902 659 606
903 659 606
904 659 606
905 647 407
906 687 681
907 730 742
908 730 742
909 730 742
910 642 552
911 138 408
912 139 409
913 140 410
914 140 411
915 741 412
916 748 639
917 662 648
918 751 413
919 636 414
920 636 414
921 141 383
922 142 415
923 559 353
924 751 385
925 140 416
926 559 691
927 638 744
928 662 616
929 662 616
930 768 417
931 662 418
932 662 419
933 673 518
934 673 518
935 768 420
936 768 421
937 661 422
938 142 423
939 143 424
940 732 749
941 732 749
942 144 425
943 145 426
944 629 696
945 146 427
946 147 428
947 732 429
948 686 712
949 768 703
950 768 703
951 715 698
952 715 707
953 715 707
954 674 590
955 668 361
956 768 430
957 148 431
958 149 432
959 759 433
960 150 588
961 688 551
962 794 714
963 680 764
964 724 626
965 144 434
966 794 435
967 724 436
968 759 769
969 655 549
970 581 619
971 581 595
972 581 595
973 144 545
974 610 437
975 610 679
976 655 556
977 655 644
978 655 644
979 629 438
980 151 439
981 793 654
982 152 440
983 808 728
984 668 650
985 153 441
986 154 419
987 741 695
988 741 695
989 655 736
990 154 418
991 154 442
992 155 443
993 154 444
994 778 743
995 779 789
996 775 660
997 748 822
998 748 822
999 748 445
1000 748 821
1001 748 763
1002 741 446
1003 720 756
1004 156 447
1005 157 448
1006 732 766
1007 741 819
1008 741 707
1009 158 449
1010 159 450
1011 777 702
1012 655 825
1013 655 825
1014 777 451
1015 777 452
1016 777 452
1017 661 453
1018 706 543
1019 160 454
1020 159 455
1021 741 456
1022 785 457
1023 805 594
1024 647 830
1025 647 830
1026 773 401
1027 792 722
1028 869 774
1029 772 721
1030 833 762
1031 652 855
1032 773 545
1033 652 402
1034 652 597
1035 869 458
1036 869 459
1037 791 460
1038 870 862
1039 785 556
1040 785 556
1041 785 556
1042 652 861
1043 785 865
1044 652 729
1045 652 729
1046 652 729
1047 813 780
1048 161 461
1049 162 462
1050 162 462
1051 161 463
1052 804 689
1053 804 799
1054 899 858
1055 899 858
1056 899 879
1057 899 464
1058 899 465
1059 823 608
1060 859 690
1061 867 880
1062 916 760
1063 753 734
1064 785 693
1065 785 803
1066 163 466
1067 907 754
1068 907 754
1069 794 697
1070 164 467
1071 678 816
1072 165 468
1073 907 469
1074 907 873
1075 849 470
1076 166 617
1077 167 892
1078 935 908
1079 918 471
1080 761 815
1081 686 596
1082 918 909
1083 918 909
1084 168 472
1085 922 817
1086 169 473
1087 896 701
1088 922 818
1089 806 735
1090 806 735
1091 806 735
1092 170 474
1093 918 752
1094 849 475
1095 943 930
1096 751 920
1097 751 937
1098 768 856
1099 751 937
1100 768 856
1101 751 937
1102 768 828
1103 893 476
1104 912 477
1105 765 717
1106 943 834
1107 950 478
1108 853 844
1109 853 844
1110 667 910
1111 950 745
1112 171 401
1113 171 479
1114 950 797
1115 923 940
1116 791 938
1117 709 924
1118 912 716
1119 896 848
1120 172 480
1121 833 837
1122 849 481
1123 849 843
1124 883 482
1125 883 630
1126 950 862
1127 0 0
1128 923 483
1129 824 781
1130 854 786
1131 768 953
1132 768 953
1133 945 939
1134 962 956
1135 925 776
1136 905 484
1137 950 796
1138 869 968
1139 869 968
1140 869 485
1141 827 790
1142 905 795
1143 905 795
1144 914 784
1145 869 486
1146 831 874
1147 831 651
1148 884 802
1149 788 607
1150 962 957
1151 914 487
1152 962 949
1153 962 949
1154 982 807
1155 172 488
1156 962 860
1157 962 860
1158 871 733
1159 871 733
1160 871 734
1161 871 734
1162 866 876
1163 866 876
1164 934 963
1165 173 489
1166 174 490
1167 175 491
1168 867 820
1169 867 820
1170 176 468
1171 867 845
1172 933 755
1173 900 736
1174 900 736
1175 866 810
1176 866 810
1177 900 617
1178 946 620
1179 961 885
1180 961 809
1181 932 492
1182 177 448
1183 867 767
1184 178 472
1185 179 493
1186 946 692
1187 180 494
1188 864 812
1189 864 976
1190 887 713
1191 887 713
1192 887 825
1193 921 543
1194 921 543
1195 864 811
1196 887 903
1197 948 894
1198 995 915
1199 995 495
1200 995 496
1201 180 497
1202 835 498
1203 180 499
1204 995 500
1205 995 834
1206 835 1002
1207 983 926
1208 971 598
1209 970 708
1210 921 841
1211 921 841
1212 181 501
1213 999 1017
1214 999 1017
1215 835 762
1216 997 847
1217 997 502
1218 997 716
1219 1001 927
1220 997 503
1221 997 710
1222 835 1000
1223 835 1000
1224 835 1000
1225 997 832
1226 1001 504
1227 997 941
1228 958 928
1229 958 505
1230 182 745
1231 999 919
1232 997 506
1233 964 1014
1234 827 850
1235 975 852
1236 889 787
1237 888 682
1238 889 787
1239 887 727
1240 975 725
1241 183 507
1242 1038 879
1243 1001 959
1244 771 968
1245 974 878
1246 942 783
1247 958 875
1248 964 508
1249 1038 877
1250 993 509
1251 970 874
1252 933 616
1253 932 872
1254 1049 510
1255 1049 511
1256 1049 1035
1257 1049 512
1258 933 737
1259 975 684
1260 933 737
1261 184 513
1262 980 739
1263 1049 1036
1264 1055 873
1265 1030 822
1266 1062 1054
1267 970 891
1268 970 814
1269 931 901
1270 989 979
1271 988 639
1272 988 639
1273 980 740
1274 1062 966
1275 185 514
1276 1048 911
1277 948 826
1278 948 758
1279 948 663
1280 1078 1058
1281 1078 1057
1282 1009 894
1283 1019 913
1284 1078 750
1285 997 936
1286 1010 992
1287 186 515
1288 887 757
1289 972 735
1290 933 704
1291 972 718
1292 1004 840
1293 933 649
1294 933 649
1295 1078 1050
1296 1078 985
1297 1087 998
1298 1022 929
1299 991 851
1300 970 677
1301 970 677
1302 997 1073
1303 1099 1098
1304 1099 1100
1305 1099 1007
1306 997 1083
1307 997 1101
1308 997 1101
1309 997 1101
1310 1027 1016
1311 1027 1005
1312 1102 987
1313 1095 1006
1314 914 507
1315 986 787
1316 1020 1015
1317 965 685
1318 887 726
1319 1095 1079
1320 995 1024
1321 1072 968
1322 1001 952
1323 1082 1107
1324 1082 1093
1325 1102 1096
1326 994 1109
1327 996 801
1328 887 954
1329 887 954
1330 995 1133
1331 995 1115
1332 995 882
1333 1026 876
1334 1026 876
1335 990 1122
1336 970 890
1337 970 890
1338 1097 1131
1339 1097 1131
1340 1097 1131
1341 1097 1131
1342 1001 1132
1343 1114 1117
1344 1114 1134
1345 1114 1134
1346 916 1139
1347 1120 1140
1348 916 1119
1349 916 1119
1350 905 1128
1351 965 733
1352 972 694
1353 972 694
1354 948 1046
1355 948 1129
1356 948 1129
1357 846 1061
1358 1156 897
1359 972 826
1360 994 747
1361 994 747
1362 888 1147
1363 888 1147
1364 888 1147
1365 994 1043
1366 1142 1150
1367 1142 895
1368 994 1043
1369 970 1160
1370 1075 1158
1371 970 1159
1372 970 1159
1373 1075 839
1374 970 1065
1375 970 719
1376 1092 1166
1377 1183 1067
1378 1104 847
1379 1155 1170
1380 1183 1205
1381 1200 1068
1382 1070 1165
1383 1076 1077
1384 970 770
1385 948 1177
1386 948 1177
1387 948 1177
1388 867 1101
1389 1135 1184
1390 1157 1199
1391 1104 1185
1392 1157 908
1393 1135 1182
1394 1037 1090
1395 1157 1204
1396 1085 1018
1397 1154 1013
1398 1154 1013
1399 1154 1013
1400 1154 1013
1401 1212 1074
1402 1225 1206
1403 1225 1206
1404 1226 1221
1405 1047 801
1406 893 852
1407 993 955
1408 993 955
1409 1135 1108
1410 1103 1187
1411 1127 799
1412 1062 1021
1413 1154 863
1414 1154 863
1415 964 954
1416 1154 863
1417 1249 1106
1418 1249 1106
1419 1078 1216
1420 1078 1220
1421 1078 1220
1422 1078 1218
1423 1078 1218
1424 1095 1118
1425 1249 898
1426 1095 1215
1427 1011 782
1428 1092 960
1429 1125 731
1430 906 1211
1431 1151 1203
1432 906 803
1433 1116 1032
1434 1116 1032
1435 1037 1033
1436 1116 1032
1437 906 800
1438 906 800
1439 1127 1031
1440 1249 1136
1441 1261 1051
1442 1217 1224
1443 1223 1232
1444 1242 1143
1445 1242 1137
1446 1242 1079
1447 1094 1229
1448 0 0
1449 1116 1040
1450 1116 1040
1451 1116 1040
1452 1027 746
1453 1011 738
1454 964 969
1455 1027 1045
1456 1167 1241
1457 993 892
1458 964 1130
1459 1141 978
1460 1249 798
1461 1078 1213
1462 1202 1145
1463 1225 1061
1464 1225 1061
1465 1059 1146
1466 1059 1146
1467 1112 829
1468 1116 1039
1469 1116 1039
1470 1124 1197
1471 1264 1121
1472 1135 1148
1473 1135 904
1474 1059 977
1475 1141 902
1476 1141 902
1477 1059 1238
1478 1274 1263
1479 1255 1153
1480 1060 1247
1481 1060 1247
1482 1231 1171
1483 1231 1171
1484 1264 1150
1485 1127 842
1486 1029 1246
1487 1029 917
1488 1029 917
1489 1154 839
1490 1178 1065
1491 1154 839
1492 1202 1086
1493 1142 1168
1494 1113 1174
1495 1141 1176
1496 1154 1163
1497 1154 1163
1498 1154 1163
1499 1284 1083
1500 1284 1006
1501 1265 947
1502 1284 1126
1503 1116 1089
1504 1116 1089
1505 1116 1089
1506 1116 1089
1507 1116 1089
1508 1116 1089
1509 1116 1089
1510 1127 1012
1511 1233 1084
1512 1306 1111
1513 1141 1193
1514 1141 1193
1515 1141 1193
1516 1141 1193
1517 1141 1193
1518 1116 1210
1519 1313 1280
1520 1248 1201
1521 1306 1230
1522 1313 1198
1523 1142 1216
1524 1287 881
1525 1297 1115
1526 1088 886
1527 1088 886
1528 1088 886
1529 1088 886
1530 1181 876
1531 1127 1234
1532 1127 1234
1533 1306 1117
1534 1273 967
1535 1088 1042
1536 1088 1042
1537 1088 1042
1538 1322 1309
1539 1127 1044
1540 1127 1044
1541 1127 1044
1542 1127 1044
1543 1308 1131
1544 1308 1131
1545 1308 1213
1546 1324 1254
1547 1321 1243
1548 1321 1138
1549 1322 1025
1550 1343 1257
1551 1088 829
1552 1088 829
1553 1344 1295
1554 1343 1066
1555 1116 1053
1556 1116 1053
1557 1322 1169
1558 1275 1314
1559 1233 984
1560 1186 1335
1561 1186 1335
1562 1366 1302
1563 1344 1067
1564 1357 1349
1565 1262 1003
1566 1262 1003
1567 1262 1003
1568 1377 1056
1569 1152 1289
1570 1152 1289
1571 1152 1289
1572 1152 1289
1573 1152 1289
1574 1152 1289
1575 1152 1289
1576 1152 1289
1577 1152 1289
1578 1152 1179
1579 1152 1179
1580 1152 1179
1581 1152 1179
1582 1008 1188
1583 1008 1188
1584 1008 1188
1585 1008 1188
1586 1008 1188
1587 0 0
1588 0 0
1589 0 0
1590 0 0
1591 0 0
1592 1152 1179
1593 1152 1179
1594 1152 1179
1595 1152 1179
1596 1152 1179
1597 1008 1188
1598 1008 1188
1599 1008 1188
1600 1008 1188
1601 1144 1090
1602 1233 1064
1603 1233 1194
1604 1222 1360
1605 1222 1360
1606 1222 1360
1607 1222 1360
1608 1222 1360
1609 1222 1360
1610 1219 1294
1611 1219 1294
1612 1219 1294
1613 1219 1294
1614 1219 1294
1615 1219 1294
1616 1152 1192
1617 1152 1192
1618 1152 1192
1619 1152 1192
1620 1152 1192
1621 1152 1192
1622 1152 1192
1623 1152 1192
1624 1152 1192
1625 1152 1209
1626 1152 1209
1627 1152 1209
1628 1152 1209
1629 1152 1209
1630 1152 1209
1631 1152 1209
1632 1152 1209
1633 1152 1209
1634 0 0
1635 0 0
1636 0 0
1637 0 0
1638 0 0
1639 1008 1354
1640 0 0
1641 0 0
1642 0 0
1643 1219 1361
1644 1219 1361
1645 1219 1361
1646 1219 1361
1647 1219 1361
1648 1219 1361
1649 1219 1361
1650 1219 1361
1651 1219 1361
1652 1357 1221
1653 1233 1228
1654 1381 1367
1655 1381 1367
1656 1227 1110
1657 1227 1110
1658 1227 1110
1659 1227 1110
1660 1227 1110
1661 1227 1110
1662 1227 1110
1663 1227 1110
1664 1227 1110
1665 1059 1091
1666 1227 1071
1667 1227 1071
1668 1227 1071
1669 1227 1071
1670 1227 1071
1671 1227 1071
1672 1227 1071
1673 1227 1071
1674 1271 1080
1675 1271 1080
1676 1271 1080
1677 1271 1080
1678 1271 1080
1679 1271 1080
1680 1271 1080
1681 1207 1258
1682 1207 1258
1683 1207 1277
1684 1207 1277
1685 1207 1277
1686 1207 1277
1687 1207 1277
1688 1207 1277
1689 1207 1277
1690 1207 1277
1691 1207 1258
1692 1207 1258
1693 1207 1258
1694 1207 1258
1695 1207 1258
1696 1207 1258
1697 1069 1362
1698 1069 1362
1699 1069 1362
1700 1069 1362
1701 1069 1362
1702 1069 1362
1703 1069 1362
1704 1069 1362
1705 1069 1362
1706 950 1375
1707 950 1375
1708 950 1375
1709 950 1375
1710 950 1375
1711 950 1375
1712 950 1375
1713 950 1375
1714 1227 1105
1715 1227 1105
1716 1227 1105
1717 1227 1105
1718 1227 1105
1719 1227 1105
1720 1227 1105
1721 1028 1352
1722 1028 1352
1723 1028 1352
1724 1028 1352
1725 1028 1352
1726 1028 1352
1727 1028 1352
1728 1028 1352
1729 1028 1352
1730 1069 1363
1731 1069 1363
1732 1069 1363
1733 1069 1363
1734 1069 1363
1735 1069 1363
1736 1069 1363
1737 1392 1272
1738 1347 1216
1739 1296 1379
1740 1250 1033
1741 1283 1299
1742 1346 1391
1743 1417 1390
1744 1161 973
1745 1310 1383
1746 1418 1395
1747 1421 1403
1748 1421 1404
1749 1444 1280
1750 1316 977
1751 1316 977
1752 1273 1148
1753 1297 1338
1754 1297 1338
1755 1444 1319
1756 1266 1427
1757 1266 1427
1758 1445 1345
1759 1125 1334
1760 1266 1164
1761 1266 1164
1762 1266 1164
1763 1266 1164
1764 1266 1164
1765 1266 1164
1766 1266 1164
1767 1266 1164
1768 1266 1164
1769 1266 1164
1770 1273 1408
1771 1125 1253
1772 1244 1432
1773 1244 1432
1774 1244 1432
1775 1244 1432
1776 1244 1432
1777 1266 1164
1778 1244 1432
1779 1244 1432
1780 1244 1432
1781 1266 857
1782 1266 857
1783 1266 857
1784 1266 857
1785 1266 857
1786 1266 857
1787 1266 857
1788 1266 857
1789 1266 857
1790 1266 857
1791 1266 857
1792 1478 1281
1793 838 1300
1794 838 1300
1795 838 1300
1796 838 1300
1797 838 1300
1798 838 1300
1799 838 1300
1800 838 1300
1801 1324 1430
1802 1324 1430
1803 1324 1430
1804 1324 1430
1805 1324 1430
1806 1324 1430
1807 1324 1430
1808 1324 1430
1809 1324 1430
1810 1324 1430
1811 838 1300
1812 1324 1239
1813 1324 1239
1814 1324 1239
1815 1324 1239
1816 1324 1239
1817 1324 1239
1818 1324 1239
1819 1324 1239
1820 1324 1239
1821 1324 1239
1822 1324 1239
1823 1324 1239
1824 1324 1359
1825 1324 1336
1826 1324 1336
1827 1324 1336
1828 1324 1336
1829 1324 1336
1830 1324 1336
1831 1324 1336
1832 1324 1336
1833 1340 1235
1834 1340 1235
1835 1340 1235
1836 1340 1235
1837 1340 1235
1838 1340 1235
1839 1340 1235
1840 1340 1235
1841 1461 951
1842 1421 1443
1843 1358 1437
1844 1358 1437
1845 1358 1437
1846 1358 1437
1847 1358 1437
1848 1358 1437
1849 1358 1437
1850 1358 1437
1851 1358 1437
1852 1358 1437
1853 1421 1350
1854 1245 1333
1855 1245 1333
1856 1245 1333
1857 1358 1195
1858 1358 1195
1859 0 0
1860 1358 1195
1861 1358 1195
1862 1358 1195
1863 1358 1195
1864 1358 1195
1865 1358 1195
1866 1265 1191
1867 1265 1191
1868 1265 1191
1869 1265 1191
1870 1265 1191
1871 1265 1191
1872 1265 1191
1873 1265 1191
1874 1265 1191
1875 1388 1353
1876 1388 1353
1877 1388 1353
1878 1388 1353
1879 1388 1353
1880 1388 1353
1881 1388 1353
1882 1388 1353
1883 0 0
1884 1388 1196
1885 1388 1196
1886 0 0
1887 1388 1196
1888 1325 1458
1889 1325 1458
1890 1388 1196
1891 1325 1458
1892 1325 1458
1893 1325 1458
1894 1325 1458
1895 1325 1458
1896 1325 1458
1897 1325 1458
1898 1325 1458
1899 1244 1189
1900 1244 1189
1901 1244 1189
1902 1244 1189
1903 1244 1189
1904 1244 1189
1905 1244 1189
1906 1244 1189
1907 1244 1189
1908 1286 1175
1909 1286 1175
1910 1244 1180
1911 1244 1180
1912 1244 1180
1913 1244 1180
1914 1244 1180
1915 1244 1180
1916 1244 1180
1917 1244 1180
1918 1244 1180
1919 1304 1252
1920 1304 1252
1921 1304 1252
1922 1304 1252
1923 1304 1252
1924 1304 1252
1925 1304 1252
1926 1304 1252
1927 1304 1252
1928 1304 1252
1929 1482 1214
1930 1484 1285
1931 1346 1474
1932 1346 1474
1933 1346 1474
1934 1346 1474
1935 1346 1474
1936 1346 1474
1937 1346 1474
1938 1346 1474
1939 1346 1474
1940 1346 1474
1941 1346 1474
1942 1348 1473
1943 1348 1466
1944 1348 1466
1945 1348 1466
1946 1346 1472
1947 1346 1472
1948 1348 1473
1949 1348 1473
1950 1348 1473
1951 1348 1473
1952 1348 1473
1953 1348 1473
1954 1348 1473
1955 1348 1473
1956 1348 1473
1957 1348 1466
1958 1348 1466
1959 1346 1472
1960 1346 1472
1961 1346 1472
1962 1186 1089
1963 1186 1089
1964 1186 1089
1965 1332 1361
1966 1332 1361
1967 1332 1361
1968 1332 1361
1969 1332 1361
1970 1332 1361
1971 1332 1361
1972 1332 1361
1973 1297 1179
1974 1297 1179
1975 1297 1179
1976 1297 1179
1977 1297 1179
1978 1297 1179
1979 1297 1179
1980 1297 1179
1981 1297 1179
1982 1297 1179
1983 1297 1179
1984 1297 1179
1985 1297 1179
1986 1332 1361
1987 1332 1361
1988 1341 1448
1989 1341 1448
1990 1341 1448
1991 1341 1448
1992 1341 1448
1993 1341 1448
1994 1341 1448
1995 1341 1448
1996 1341 1448
1997 1297 1354
1998 1297 1354
1999 1297 1354
2000 1297 1354
2001 1297 1354
2002 1297 1354
2003 1297 1354
2004 1297 1354
2005 1332 1291
2006 1332 1291
2007 1332 1291
2008 1332 1291
2009 1332 1291
2010 1332 1291
2011 1332 1291
2012 1332 1291
2013 1332 1291
2014 1499 1446
2015 1419 1462
2016 1419 1464
2017 1348 1172
2018 1348 1172
2019 1348 1172
2020 1348 1172
2021 1348 1172
2022 1348 1172
2023 1348 1172
2024 1348 1172
2025 1348 1172
2026 1346 1491
2027 1346 1491
2028 1346 1491
2029 1346 1491
2030 1346 1491
2031 1346 1491
2032 1346 1369
2033 1346 1369
2034 1346 1369
2035 1346 1369
2036 1346 1369
2037 1346 1369
2038 1346 1369
2039 1346 1369
2040 1346 1369
2041 1346 1369
2042 1346 1369
2043 1346 1491
2044 1346 1491
2045 1297 1485
2046 1297 1485
2047 1297 1485
2048 1297 1485
2049 1297 1485
2050 1297 1485
2051 1297 1485
2052 1429 1108
2053 1346 1363
2054 1346 1363
2055 1346 1363
2056 1346 1363
2057 1346 1363
2058 1346 1363
2059 1348 1279
2060 1348 1279
2061 1348 1279
2062 1348 1279
2063 1348 1279
2064 1348 1279
2065 1348 1279
2066 1499 1479
2067 1429 1034
2068 1348 1279
2069 1341 1362
2070 1341 1362
2071 1341 1362
2072 1341 1362
2073 1341 1362
2074 1341 1362
2075 1341 1362
2076 1429 1269
2077 1325 1481
2078 1325 1481
2079 1325 1481
2080 1325 1481
2081 1325 1481
2082 1325 1481
2083 1325 1481
2084 1325 1481
2085 1348 1240
2086 1348 1240
2087 1348 1240
2088 1348 1240
2089 1348 1240
2090 1348 1240
2091 1348 1240
2092 1348 1240
2093 1348 1240
2094 1341 1375
2095 1341 1375
2096 1341 1375
2097 1341 1375
2098 1341 1375
2099 1341 1375
2100 1341 1375
2101 1499 1256
2102 1078 1216
2103 1501 1378
2104 1028 1477
2105 1028 1477
2106 1028 1477
2107 1028 1477
2108 1028 1477
2109 1028 1477
2110 1028 1477
2111 1028 1477
2112 1028 1477
2113 1393 1373
2114 1393 1494
2115 1423 1190
2116 1423 1190
2117 1358 1454
2118 1358 1454
2119 1358 1454
2120 1358 1454
2121 1358 1454
2122 1358 1454
2123 1358 1454
2124 1358 1454
2125 1358 1454
2126 1423 1190
2127 1423 1190
2128 1423 1190
2129 1423 1190
2130 1423 1190
2131 1423 1190
2132 1423 1190
2133 1418 1496
2134 1418 1496
2135 1418 1496
2136 1418 1496
2137 1418 1496
2138 1358 1454
2139 1376 1236
2140 1358 1387
2141 1358 1387
2142 1358 1387
2143 1418 1497
2144 1418 1497
2145 1358 1374
2146 1358 1374
2147 1358 1374
2148 1358 1374
2149 1358 1374
2150 1358 1374
2151 1358 1374
2152 1358 1374
2153 1358 1374
2154 1418 1386
2155 1418 1386
2156 1418 1386
2157 1418 1386
2158 1418 1386
2159 1418 1386
2160 1418 1386
2161 1418 1386
2162 1418 1386
2163 1358 1387
2164 1358 1387
2165 1358 1387
2166 1358 1387
2167 1358 1387
2168 1358 1387
2169 1418 1497
2170 1418 1497
2171 0 0
2172 0 0
2173 0 0
2174 0 0
2175 0 0
2176 0 0
2177 1303 1318
2178 0 0
2179 1339 1149
2180 1339 1149
2181 1339 1149
2182 1339 1149
2183 1339 1149
2184 1339 1149
2185 1339 1149
2186 1339 1149
2187 1382 1042
2188 1512 1323
2189 1382 1315
2190 1382 1298
2191 1081 944
2192 1346 1307
2193 1533 1401
2194 1425 1237
2195 1425 1237
2196 1425 1237
2197 1425 1237
2198 1461 1505
2199 1461 1505
2200 1461 1505
2201 1461 1505
2202 1461 1505
2203 1461 1505
2204 1461 1505
2205 1461 1505
2206 1461 1505
2207 1461 1505
2208 1456 1407
2209 1366 1406
2210 1366 1406
2211 1366 1406
2212 1366 1406
2213 1366 1406
2214 1366 1516
2215 1366 1516
2216 1366 1516
2217 1366 1516
2218 1366 1516
2219 1366 1516
2220 1366 1516
2221 1366 1516
2222 1366 1516
2223 1366 1516
2224 1425 1260
2225 1425 1260
2226 1425 1260
2227 1425 1260
2228 1425 1260
2229 1425 1260
2230 1425 1260
2231 1425 1260
2232 1425 1260
2233 1425 1260
2234 1392 1251
2235 1392 1251
2236 1392 1251
2237 1392 1251
2238 1392 1251
2239 1392 1251
2240 1392 1251
2241 1392 1251
2242 1392 1251
2243 1392 1251
2244 1392 1259
2245 1392 1259
2246 1392 1259
2247 1392 1259
2248 1392 1259
2249 1392 1259
2250 1392 1259
2251 1392 1259
2252 1392 1259
2253 1392 1259
2254 1461 1326
2255 1461 1326
2256 1461 1326
2257 1461 1326
2258 1461 1326
2259 1461 1326
2260 1461 1326
2261 1461 1326
2262 1461 1326
2263 1461 1326
2264 1366 1513
2265 1366 1513
2266 1366 1513
2267 1366 1513
2268 1366 1513
2269 1366 1513
2270 1366 1513
2271 1429 1041
2272 1344 1515
2273 1344 1515
2274 1344 1515
2275 1344 1515
2276 1297 1412
2277 1533 1521
2278 1492 1420
2279 1344 1416
2280 1344 1416
2281 1344 1416
2282 1344 1416
2283 1344 1416
2284 1344 1416
2285 1344 1416
2286 1344 1416
2287 1344 1416
2288 1344 1268
2289 1344 1268
2290 1344 1268
2291 1344 1268
2292 1344 1268
2293 1344 1268
2294 1344 1268
2295 1344 1268
2296 1344 1268
2297 1471 1439
2298 1471 1439
2299 1471 1439
2300 1471 1439
2301 1471 1439
2302 1471 1439
2303 1471 1439
2304 1471 1439
2305 1471 1439
2306 1471 1439
2307 1471 1439
2308 1471 1439
2309 1471 1439
2310 1471 1439
2311 1471 1439
2312 1282 1162
2313 1444 1430
2314 1444 1430
2315 1444 1430
2316 1444 1430
2317 0 0
2318 1444 1430
2319 1444 1430
2320 1444 1430
2321 1444 1430
2322 1444 1430
2323 1444 1432
2324 1444 1432
2325 1444 1432
2326 1444 1432
2327 1444 1432
2328 1444 1432
2329 1444 1432
2330 1444 1432
2331 1478 1267
2332 1478 1267
2333 1478 1267
2334 1478 1267
2335 1478 1267
2336 1478 1267
2337 1478 1267
2338 1478 1267
2339 1482 1541
2340 1482 1541
2341 1482 1541
2342 1482 1541
2343 1478 1359
2344 1478 1359
2345 1478 1359
2346 1478 1359
2347 1478 1359
2348 1478 1359
2349 1478 1359
2350 1478 1359
2351 1478 1359
2352 868 1517
2353 868 1517
2354 868 1517
2355 868 1517
2356 868 1517
2357 868 1517
2358 868 1517
2359 868 1517
2360 1282 836
2361 1523 1442
2362 1523 1442
2363 1431 1351
2364 1461 1252
2365 1461 1252
2366 1461 1252
2367 1461 1252
2368 1461 1252
2369 1461 1252
2370 1461 1252
2371 1461 1252
2372 1461 1252
2373 1461 1252
2374 1499 1526
2375 1499 1526
2376 1499 1526
2377 1499 1526
2378 1499 1526
2379 1499 1526
2380 1499 1526
2381 1499 1526
2382 1499 1526
2383 1389 1447
2384 1461 1278
2385 1461 1278
2386 1461 1278
2387 1461 1278
2388 1461 1278
2389 1461 1278
2390 1461 1278
2391 1461 1278
2392 1461 1278
2393 1461 1278
2394 1461 1278
2395 1389 1457
2396 1431 1435
2397 1499 1458
2398 1499 1458
2399 1499 1458
2400 1499 1458
2401 1499 1458
2402 1499 1458
2403 1499 1458
2404 1499 1458
2405 1461 1452
2406 1461 1452
2407 1461 1452
2408 1461 1452
2409 1461 1452
2410 1461 1452
2411 1461 1452
2412 1461 1452
2413 1461 1455
2414 1461 1455
2415 1499 1327
2416 1499 1327
2417 1499 1327
2418 1499 1327
2419 1499 1327
2420 1499 1327
2421 1499 1327
2422 0 0
2423 0 0
2424 0 0
2425 0 0
2426 0 0
2427 0 0
2428 0 0
2429 0 0
2430 0 0
2431 0 0
2432 1478 1535
2433 0 0
2434 1461 1455
2435 1461 1455
2436 1461 1455
2437 1461 1455
2438 1461 1455
2439 0 0
2440 0 0
2441 0 0
2442 0 0
2443 1482 1539
2444 0 0
2445 0 0
2446 0 0
2447 1562 1550
2448 1554 1440
2449 1306 1549
2450 1357 1433
2451 1357 1433
2452 1357 1433
2453 1357 1433
2454 1357 1433
2455 1357 1433
2456 1357 1433
2457 1484 1459
2458 1484 1459
2459 1484 1459
2460 1484 1459
2461 1484 1459
2462 1484 1459
2463 1484 1459
2464 1484 1364
2465 1484 1364
2466 1484 1364
2467 1484 1364
2468 1484 1364
2469 1484 1364
2470 1484 1364
2471 1484 1364
2472 1484 1476
2473 1332 1475
2474 1332 1475
2475 1332 1475
2476 1332 1475
2477 1332 1475
2478 1332 1475
2479 1332 1475
2480 1332 1475
2481 1484 1364
2482 1484 1364
2483 1484 1368
2484 1484 1368
2485 1484 1368
2486 1484 1368
2487 1484 1368
2488 1484 1368
2489 1484 1368
2490 1484 1368
2491 1484 1368
2492 1484 1476
2493 1484 1476
2494 1484 1476
2495 1484 1476
2496 1484 1476
2497 1484 1476
2498 1484 1476
2499 1445 1290
2500 1445 1290
2501 1445 1293
2502 1445 1293
2503 1445 1293
2504 1445 1293
2505 1445 1293
2506 1445 1293
2507 1445 1293
2508 1445 1293
2509 1445 1290
2510 1445 1290
2511 1445 1290
2512 1445 1290
2513 1445 1290
2514 1445 1290
2515 1311 1173
2516 1471 1469
2517 1471 1469
2518 1471 1469
2519 1471 1469
2520 1471 1469
2521 1471 1469
2522 1471 1469
2523 1563 1546
2524 1471 1354
2525 1471 1354
2526 1471 1354
2527 1471 1354
2528 1471 1354
2529 1471 1354
2530 1471 1354
2531 1471 1354
2532 1344 1557
2533 1502 1552
2534 1502 1552
2535 1502 1552
2536 1502 1552
2537 1502 1552
2538 1502 1552
2539 1502 1552
2540 1502 0
2541 1502 0
2542 1502 0
2543 1502 1556
2544 1502 0
2545 1502 0
2546 1502 0
2547 1502 0
2548 1502 0
2549 1502 0
2550 1543 1485
2551 1543 1485
2552 1543 1485
2553 1543 1485
2554 1543 1485
2555 1500 1489
2556 1500 1489
2557 1500 1489
2558 1500 1489
2559 1500 1489
2560 1500 1489
2561 1500 1489
2562 1543 1485
2563 1500 1489
2564 1276 1160
2565 1276 1160
2566 1276 1160
2567 981 1301
2568 981 1301
2569 981 1301
2570 981 1301
2571 981 1301
2572 1377 1372
2573 1377 1372
2574 1377 1372
2575 1500 1371
2576 1500 1371
2577 1500 1371
2578 1500 1371
2579 1500 1371
2580 1500 1371
2581 1500 1371
2582 1500 1371
2583 1500 1371
2584 1377 1372
2585 1377 1372
2586 1377 1372
2587 1377 1372
2588 1377 1372
2589 1377 1372
2590 1330 1208
2591 1330 1208
2592 1330 1208
2593 1330 1208
2594 1330 1208
2595 1330 1208
2596 1330 1208
2597 1330 1208
2598 1330 1208
2599 1543 1352
2600 1543 1352
2601 1543 1352
2602 1543 1352
2603 1543 1352
2604 1543 1352
2605 1543 1352
2606 1543 1352
2607 1500 1490
2608 1500 1490
2609 1500 1490
2610 1500 1490
2611 1500 1490
2612 1500 1490
2613 1500 1490
2614 1500 1490
2615 1543 1352
2616 1276 1023
2617 1470 1292
2618 1311 1123
2619 1545 1503
2620 1545 1503
2621 1545 1503
2622 1545 1503
2623 1545 1503
2624 1545 1503
2625 1422 1507
2626 1422 1507
2627 1422 1507
2628 1422 1507
2629 1422 1507
2630 1422 1507
2631 1422 1507
2632 1422 1507
2633 1422 1507
2634 1331 1356
2635 1331 1356
2636 1522 1398
2637 1522 1398
2638 1522 1398
2639 1522 1398
2640 1522 1398
2641 1522 1398
2642 1522 1398
2643 1522 1398
2644 1522 1398
2645 1331 1356
2646 1545 1503
2647 1545 1503
2648 1545 1397
2649 1545 1288
2650 1545 1288
2651 1545 1288
2652 1545 1288
2653 1545 1288
2654 1545 1288
2655 1545 1288
2656 1545 1288
2657 1545 1288
2658 1545 1288
2659 1545 1288
2660 1545 1397
2661 1545 1397
2662 1545 1397
2663 1545 1397
2664 1545 1397
2665 1545 1397
2666 1545 1397
2667 1545 1397
2668 1545 1397
2669 1545 1397
2670 1545 1397
2671 1545 1397
2672 1524 1063
2673 1524 1063
2674 1500 1509
2675 1500 1509
2676 1500 1509
2677 1500 1509
2678 1500 1509
2679 1500 1509
2680 1500 1509
2681 1304 1602
2682 1304 1602
2683 1304 1602
2684 1304 1602
2685 1304 1602
2686 1304 1602
2687 1500 1509
2688 1500 1509
2689 1304 1565
2690 1304 1565
2691 1304 1565
2692 1304 1565
2693 1304 1565
2694 1304 1565
2695 1304 1565
2696 1304 1565
2697 1304 1565
2698 1304 1567
2699 1304 1567
2700 1304 1567
2701 1366 1516
2702 1366 1516
2703 1366 1516
2704 1366 1516
2705 1366 1516
2706 1366 1516
2707 1548 1400
2708 1548 1400
2709 1548 1400
2710 1548 1400
2711 1548 1400
2712 1548 1400
2713 1548 1400
2714 1366 1516
2715 1366 1516
2716 1366 1505
2717 1366 1505
2718 1366 1505
2719 1366 1505
2720 1366 1505
2721 1366 1505
2722 1366 1505
2723 1366 1505
2724 1366 1505
2725 1366 1505
2726 1522 1409
2727 1522 1409
2728 1522 1409
2729 1522 1409
2730 1522 1409
2731 1522 1409
2732 1522 1409
2733 1522 1409
2734 1522 1409
2735 1522 1409
2736 1520 1370
2737 1441 1394
2738 1441 1530
2739 1520 1317
2740 1520 1317
2741 1493 1329
2742 1493 1329
2743 1493 1329
2744 1493 1329
2745 1493 1329
2746 1493 1329
2747 1493 1329
2748 1493 1329
2749 1493 1329
2750 1366 1665
2751 1366 1665
2752 1366 1665
2753 1366 1665
2754 1366 1665
2755 1366 1665
2756 1366 1665
2757 1366 1665
2758 0 1337
2759 0 1337
2760 0 1337
2761 0 1337
2762 0 1337
2763 0 1337
2764 1548 1337
2765 0 1337
2766 0 1337
2767 1424 1413
2768 1424 1413
2769 1424 1413
2770 1424 1413
2771 1424 1413
2772 1366 1411
2773 1366 1411
2774 1366 1411
2775 1366 1411
2776 1366 1411
2777 0 1603
2778 0 1603
2779 0 1603
2780 0 1603
2781 0 1603
2782 0 1603
2783 1548 1603
2784 1548 1603
2785 0 1603
2786 1738 1426
2787 1533 1416
2788 1533 1416
2789 1533 1416
2790 1533 1416
2791 1533 1416
2792 1533 1416
2793 1533 1416
2794 1533 1416
2795 1533 1416
2796 1533 1416
2797 1305 1537
2798 1305 1537
2799 1305 1537
2800 1305 1537
2801 1305 1537
2802 1305 1537
2803 1305 1537
2804 1305 1537
2805 1402 1414
2806 1402 1414
2807 1402 1414
2808 1402 1414
2809 1402 1414
2810 1512 1536
2811 1512 1536
2812 1512 1536
2813 1512 1536
2814 1512 1536
2815 1512 1536
2816 1512 1536
2817 1512 1536
2818 1422 1480
2819 1422 1480
2820 1422 1480
2821 1422 1480
2822 1422 1480
2823 1422 1480
2824 1422 1480
2825 1422 1480
2826 1422 1480
2827 1422 1480
2828 1568 1415
2829 1568 1415
2830 1568 1415
2831 1568 1415
2832 1568 1415
2833 1568 1415
2834 1568 1415
2835 1568 1415
2836 1568 1415
2837 1402 1414
2838 1402 1414
2839 1402 1414
2840 1402 1414
2841 1512 1536
2842 1512 1536
2843 1305 1504
2844 1305 1504
2845 1305 1504
2846 0 1504
2847 0 1504
2848 1305 1504
2849 1533 1328
2850 1533 1328
2851 1533 1328
2852 1533 1328
2853 1533 1328
2854 1533 1328
2855 1533 1328
2856 1533 1328
2857 1533 1328
2858 1534 1744
2859 1276 1052
2860 1276 1052
2861 1422 1300
2862 1422 1300
2863 1422 1300
2864 1558 1740
2865 1547 1560
2866 1547 1560
2867 1547 1560
2868 1547 1560
2869 1547 1560
2870 1547 1560
2871 1568 1450
2872 1568 1450
2873 1568 1450
2874 1568 1450
2875 1568 1450
2876 1568 1450
2877 1568 1450
2878 1568 1450
2879 1568 1450
2880 1276 1428
2881 1276 1428
2882 1463 1601
2883 1463 1601
2884 1463 1601
2885 1463 1601
2886 1463 1601
2887 1463 1601
2888 1463 1601
2889 1463 1601
2890 1463 1601
2891 1739 1527
2892 1739 1527
2893 1739 1527
2894 1564 1745
2895 1564 1745
2896 1564 1745
2897 1564 1745
2898 1564 1745
2899 1564 1745
2900 1564 1745
2901 1564 1745
2902 1564 1745
2903 1739 1527
2904 1739 1527
2905 1739 1527
2906 1739 1527
2907 1525 1510
2908 1525 1510
2909 1525 1510
2910 1339 1535
2911 1339 1535
2912 1339 1535
2913 1339 1535
2914 1339 1535
2915 1339 1535
2916 1525 1510
2917 1525 1510
2918 1525 1510
2919 1525 1510
2920 1525 1510
2921 1545 1453
2922 1545 1453
2923 1545 1453
2924 1545 1453
2925 1545 1453
2926 1545 1453
2927 1545 1453
2928 1545 1355
2929 1545 1355
2930 1545 1355
2931 1545 1355
2932 1545 1355
2933 1545 1453
2934 1545 1453
2935 1545 1355
2936 1545 1355
2937 1545 1355
2938 1545 1355
2939 1533 1566
2940 1533 1566
2941 1533 1566
2942 1533 1566
2943 1533 1566
2944 1533 1566
2945 1533 1566
2946 1533 1566
2947 0 2139
2948 0 1532
2949 0 1532
2950 0 1532
2951 0 1532
2952 0 1532
2953 1519 1526
2954 1519 1526
2955 1519 1526
2956 1519 1526
2957 1519 1526
2958 1519 1526
2959 1519 1526
2960 1519 1526
2961 1519 1526
2962 1519 1526
2963 1519 1526
2964 1519 1526
2965 1519 1526
2966 1519 1526
2967 1543 1364
2968 1543 1364
2969 1543 1364
2970 1543 1364
2971 1543 1364
2972 1543 1364
2973 1543 1364
2974 1543 1364
2975 1543 1364
2976 1519 1751
2977 0 1751
2978 0 1751
2979 0 1751
2980 0 1751
2981 0 1751
2982 0 1751
2983 0 1751
2984 1330 1451
2985 1330 1451
2986 1330 1451
2987 1330 1451
2988 1330 1451
2989 1330 1451
2990 1330 1451
2991 1330 1451
2992 1330 1451
2993 1330 1451
2994 1538 1405
2995 1538 1405
2996 1543 1365
2997 1543 1365
2998 1543 1365
2999 1543 1365
3000 1543 1365
3001 1543 1365
3002 1543 1365
3003 1543 1365
3004 1538 1405
3005 1538 1405
3006 1538 1405
3007 1511 1467
3008 1511 1467
3009 1538 1405
3010 1562 1475
3011 1562 1475
3012 1562 1475
3013 1562 1475
3014 1562 1475
3015 1562 1475
3016 1562 1475
3017 1553 1468
3018 1553 1468
3019 1553 1468
3020 1553 1469
3021 1553 1469
3022 1553 1469
3023 1553 1469
3024 1553 1469
3025 1553 1469
3026 1553 1469
3027 1553 1469
3028 1330 1750
3029 1330 1750
3030 1330 1750
3031 1330 1750
3032 1330 1750
3033 1330 1750
3034 1330 1750
3035 1410 1270
3036 1523 1529
3037 1523 1529
3038 1523 1529
3039 1523 1529
3040 1523 1529
3041 1523 1529
3042 1523 1529
3043 1523 1529
3044 1523 1529
3045 1737 1551
3046 1737 1551
3047 1737 1551
3048 1737 1551
3049 1737 1551
3050 1737 1551
3051 1737 1551
3052 1737 1551
3053 1737 1551
3054 1737 1551
3055 1737 1551
3056 1737 1551
3057 1523 1529
3058 1564 1495
3059 1564 1495
3060 1564 1495
3061 1564 1495
3062 1564 1495
3063 1564 1495
3064 1564 1495
3065 1564 1495
3066 1564 1495
3067 1564 1495
3068 1331 1854
3069 1331 1854
3070 1331 1854
3071 1331 1854
3072 1331 1854
3073 1331 1486
3074 1331 1486
3075 1331 1486
3076 1331 1486
3077 1331 1486
3078 1331 1486
3079 1331 1486
3080 1331 1486
3081 1331 1486
3082 1563 1855
3083 1655 1555
3084 1655 1555
3085 1655 1555
3086 1655 1555
3087 1655 1555
3088 1655 1555
3089 1655 1555
3090 1655 1555
3091 1344 1488
3092 1344 1488
3093 1344 1488
3094 1344 1488
3095 1344 1488
3096 1344 1488
3097 1344 1488
3098 1344 1488
3099 1344 1488
3100 1344 1488
3101 1344 1488
3102 1344 1488
3103 1563 1855
3104 1563 1855
3105 1460 1387
3106 1460 1387
3107 1460 1387
3108 1460 1387
3109 0 1476
3110 0 1476
3111 0 1476
3112 0 1476
3113 0 1476
3114 0 1476
3115 0 1476
3116 1339 1498
3117 1339 1498
3118 1523 1503
3119 1523 1503
3120 1523 1503
3121 1523 1503
3122 1523 1503
3123 1523 1503
3124 1523 1503
3125 1523 1503
3126 1523 1503
3127 1523 1503
3128 1523 1503
3129 1564 1508
3130 1652 1497
3131 1564 1507
3132 1564 1507
3133 1564 1507
3134 1564 1507
3135 1564 1507
3136 1564 1507
3137 1564 1507
3138 1564 1507
3139 1564 1507
3140 1743 1397
3141 1743 1397
3142 1743 1397
3143 1743 1397
3144 1743 1397
3145 1743 1397
3146 1743 1397
3147 1758 1509
3148 1523 1396
3149 1523 1396
3150 1523 1396
3151 1564 1398
3152 1564 1398
3153 1564 1398
3154 1564 1398
3155 1564 1398
3156 1564 1398
3157 1747 1962
3158 1747 1962
3159 1747 1962
3160 1747 1962
3161 1747 1962
3162 1747 1962
3163 1747 1962
3164 1747 1962
3165 1747 1962
3166 1654 1385
3167 1654 1385
3168 1654 1385
3169 1654 1385
3170 1654 1385
3171 1654 1385
3172 1654 1385
3173 1654 1908
3174 1654 1908
3175 1654 1908
3176 1654 1908
3177 1654 1908
3178 1654 1908
3179 1747 1561
3180 1747 1561
3181 1747 1561
3182 1747 1561
3183 1747 1561
3184 1747 1561
3185 1747 1561
3186 1747 1561
3187 1747 1561
3188 1747 1561
3189 1758 1565
3190 1758 1565
3191 1758 1565
3192 1758 1565
3193 1758 1565
3194 1758 1565
3195 1758 1565
3196 1380 1400
3197 1380 1400
3198 1380 1400
3199 1380 1400
3200 1380 1400
3201 1380 1400
3202 1380 1400
3203 1380 1400
3204 1380 1400
3205 1743 1399
3206 1743 1399
3207 1743 1399
3208 1743 1399
3209 1743 1399
3210 1743 1399
3211 1743 1399
3212 1743 1399
3213 1380 1400
3214 1743 1384
3215 1743 1384
3216 1743 1384
3217 1743 1384
3218 1743 1384
3219 1743 1384
3220 1743 1384
3221 1743 1384
3222 1743 1384
3223 1380 1413
3224 1380 1413
3225 1380 1413
3226 1380 1413
3227 1380 1413
3228 1380 1413
3229 1380 1413
3230 1380 1413
3231 1743 1505
3232 1743 1505
3233 1743 1505
3234 1743 1505
3235 1743 1505
3236 1743 1505
3237 1743 1505
3238 1743 1505
3239 1743 1505
3240 1380 1516
3241 1380 1516
3242 1380 1516
3243 1380 1516
3244 1380 1516
3245 1380 1516
3246 1380 1516
3247 1331 2052
3248 1331 2052
3249 1331 2052
3250 1331 2052
3251 1331 2052
3252 1331 2052
3253 1747 2067
3254 1747 2067
3255 1747 2067
3256 1747 2067
3257 1747 2067
3258 1747 2067
3259 1747 2067
3260 1654 1665
3261 1654 1665
3262 1654 1665
3263 1654 1665
3264 1654 1665
3265 1654 1665
3266 1737 1603
3267 1737 1603
3268 1737 1603
3269 1737 1603
3270 1654 1665
3271 1654 1665
3272 1654 1665
3273 1737 1603
3274 1737 1603
3275 1737 1603
3276 1746 1528
3277 1746 1528
3278 1746 1528
3279 1746 1528
3280 1746 1528
3281 1746 1528
3282 1746 1528
3283 1746 1528
3284 1746 1436
3285 1746 1436
3286 1746 1436
3287 1746 1436
3288 1746 1436
3289 1746 1436
3290 1746 1436
3291 1746 1436
3292 1746 1436
3293 1544 1434
3294 1544 1434
3295 1544 1434
3296 1544 1434
3297 1544 1434
3298 1544 1434
3299 1544 1434
3300 1544 1434
3301 1544 1434
3302 1738 1359
3303 1738 1359
3304 1738 1359
3305 1738 1359
3306 1738 1359
3307 1738 1359
3308 1738 1359
3309 1738 1359
3310 1738 1359
3311 1738 1359
3312 1755 1414
3313 1755 1414
3314 1755 1414
3315 1755 1414
3316 1755 1414
3317 1755 1414
3318 1312 2114
3319 1312 2114
3320 1312 2114
3321 1312 2114
3322 1738 2113
3323 1738 2113
3324 1738 2113
3325 1738 2113
3326 1312 2114
3327 1312 2114
3328 1312 2114
3329 1742 1487
3330 1742 1487
3331 1742 1487
3332 1742 1487
3333 1742 1487
3334 1742 1487
3335 1742 1487
3336 1742 1487
3337 1742 1487
3338 1320 1560
3339 1320 1560
3340 1320 1560
3341 1320 1560
3342 1320 1560
3343 1320 1560
3344 1320 1560
3345 1320 1560
3346 1312 1653
3347 1312 1653
3348 1312 1653
3349 1312 1653
3350 1312 1653
3351 1312 1653
3352 1312 1653
3353 1312 1653
3354 1312 1653
3355 1312 1653
3356 1748 1541
3357 1748 1541
3358 1748 1541
3359 1748 1541
3360 1748 1541
3361 1748 1541
3362 1748 1541
3363 1748 1541
3364 1755 1450
3365 1755 1450
3366 1755 1450
3367 1842 1542
3368 1842 1542
3369 1842 1542
3370 1842 1542
3371 1842 1542
3372 1842 1542
3373 1755 1450
3374 1755 1450
3375 1755 1450
3376 1755 1450
3377 1755 1450
3378 1842 1542
3379 1842 1542
3380 1755 1450
3381 1842 1542
3382 1746 1449
3383 1746 1449
3384 1746 1449
3385 1746 1449
3386 1746 1449
3387 1746 1741
3388 1746 1741
3389 1746 1741
3390 1746 1741
3391 1746 1741
3392 1746 1741
3393 1746 1741
3394 1746 1741
3395 1746 1741
3396 1746 1741
3397 1746 1741
3398 1738 0
3399 1738 0
3400 1738 0
3401 1738 0
3402 1738 2187
3403 1738 0
3404 1738 0
3405 1738 0
3406 1842 1535
3407 1842 1535
3408 1842 1535
3409 1842 1535
3410 1842 1535
3411 1842 1535
3412 1842 1535
3413 1842 1535
3414 1842 1535
3415 1249 1566
3416 1249 1566
3417 1249 1566
3418 1249 1566
3419 1249 1566
3420 1249 1566
3421 1249 1566
3422 1249 1566
3423 1249 1566
3424 1748 2189
3425 1748 2189
3426 1748 2189
3427 1748 2189
3428 1748 2189
3429 1748 2189
3430 1748 2189
3431 1738 2191
3432 1738 2191
3433 1738 2191
3434 1738 2191
3435 1738 2191
3436 1753 1506
3437 1753 1506
3438 1753 1506
3439 1753 1506
3440 1753 1506
3441 1753 1506
3442 1853 1485
3443 1853 1485
3444 1853 1485
3445 1853 1485
3446 1853 1485
3447 1753 1506
3448 1753 1506
3449 1342 1552
3450 1342 1552
3451 1342 1552
3452 1342 1552
3453 1853 1489
3454 1853 1489
3455 1853 1489
3456 1853 1489
3457 1853 1489
3458 1853 1489
3459 1853 1489
3460 1853 1489
3461 1853 1489
3462 1930 1448
3463 1930 1448
3464 1930 1448
3465 1930 1448
3466 1930 1448
3467 1930 1448
3468 1930 1448
3469 1930 1448
3470 1930 1448
3471 1342 1552
3472 1342 1552
3473 1342 1552
3474 1342 1552
3475 1342 1552
3476 1749 1770
3477 1749 1770
3478 1749 1770
3479 1749 1770
3480 1749 1770
3481 1749 1770
3482 1749 1770
3483 1749 1770
3484 2066 1518
3485 2066 1518
3486 2066 1518
3487 2066 1518
3488 2066 1518
3489 2066 1518
3490 2066 1518
3491 2066 1518
3492 2066 1518
3493 1342 1465
3494 1342 1465
3495 1754 1438
3496 1754 1438
3497 1749 1771
3498 1342 1465
3499 1342 1465
3500 1342 1465
3501 1342 1465
3502 1342 1465
3503 1342 1465
3504 1342 1465
3505 1754 1438
3506 1754 1438
3507 1754 1438
3508 1754 1438
3509 1754 1438
3510 1754 1438
3511 1749 1771
3512 1749 1771
3513 1749 1771
3514 1749 1771
3515 1749 1771
3516 1792 2363
3517 1792 2363
3518 1792 2363
3519 1792 2363
3520 1792 2363
3521 1792 2363
3522 1930 2360
3523 1930 2360
3524 1930 2360
3525 1930 2360
3526 1930 2360
3527 1930 2360
3528 1930 2360
3529 1930 2360
3530 1930 2360
3531 1930 2360
3532 0 1529
3533 0 1529
3534 1754 1529
3535 0 1529
3536 0 1529
3537 1754 1529
3538 1841 1856
3539 1841 1856
3540 1841 1856
3541 1841 1856
3542 1841 1856
3543 1841 1856
3544 1841 1856
3545 1841 1856
3546 1841 1856
3547 1841 1856
3548 1930 2395
3549 1930 1551
3550 1930 1551
3551 1930 1551
3552 0 1529
3553 0 1529
3554 1754 1529
3555 1930 2395
3556 1930 2395
3557 1930 2395
3558 1930 2395
3559 1930 2395
3560 1930 2395
3561 1930 2395
3562 1930 1551
3563 1930 2396
3564 1930 2396
3565 1930 2396
3566 1930 2396
3567 1792 1752
3568 1792 1752
3569 1792 1752
3570 2066 1855
3571 2066 1855
3572 2066 1855
3573 2066 1855
3574 2066 1855
3575 2066 1855
3576 2066 1855
3577 2066 1855
3578 1792 1752
3579 1792 1752
3580 1792 1752
3581 1792 1752
3582 1792 1752
3583 1792 1752
3584 1792 1752
3585 1792 1752
3586 1792 1752
3587 1792 1752
3588 1792 2383
3589 1792 2383
3590 1792 2383
3591 1792 2383
3592 1792 2383
3593 1792 2383
3594 1792 2383
3595 1792 2383
3596 2188 1541
3597 2188 1541
3598 2188 1541
3599 2188 1541
3600 2188 1541
3601 2188 1541
3602 2188 1541
3603 2188 1541
3604 2188 1541
3605 2016 2076
3606 2016 2076
3607 2016 2076
3608 2277 2673
3609 2277 2673
3610 2277 2673
3611 2277 2673
3612 2277 2673
3613 2101 1540
3614 2016 2076
3615 2016 2076
3616 2016 2076
3617 2016 2076
3618 2016 2076
3619 2016 2076
3620 2101 1540
3621 2101 1540
3622 2101 1540
3623 2101 1540
3624 2101 1540
3625 2101 1540
3626 2101 1540
3627 2101 1540
3628 2277 1514
3629 2016 1741
3630 2016 1741
3631 2016 1741
3632 2193 1601
3633 2193 1601
3634 2193 1601
3635 2193 1601
3636 2193 1601
3637 2193 1601
3638 2277 1514
3639 2277 1514
3640 2277 1514
3641 2277 1514
3642 2277 1514
3643 2277 1514
3644 2016 1741
3645 2016 1741
3646 2016 1741
3647 2016 1741
3648 2101 1535
3649 2101 1535
3650 2101 1535
3651 2101 1535
3652 2101 1535
3653 2101 1535
3654 2101 1535
3655 2101 1535
3656 2101 1535
3657 2101 1566
3658 2101 1566
3659 2101 1566
3660 2101 1566
3661 2101 1566
3662 2101 1566
3663 2101 1566
3664 2101 1566
3665 2277 2190
3666 2277 2190
3667 2277 2190
3668 2277 2190
3669 2277 2190
3670 2277 2190
3671 2277 2190
3672 2277 2190
3673 2277 2190
3674 2015 2860
3675 2015 2860
3676 2015 2860
3677 2015 2860
3678 2015 2860
3679 2015 2860
3680 2015 2736
3681 2015 2736
3682 2015 2736
3683 2015 2736
3684 2014 0
3685 2014 0
3686 2014 0
3687 2014 0
3688 2014 0
3689 2014 0
3690 2014 0
3691 2014 0
3692 2014 0
3693 2015 2860
3694 2015 2860
3695 2015 2860
3696 2015 2860
3697 2015 2860
3698 2015 2860
3699 2192 1526
3700 2192 1526
3701 2192 1526
3702 2192 1526
3703 2192 1526
3704 2192 1526
3705 2192 1526
3706 2192 1526
3707 2192 1526
3708 2192 1526
3709 2015 2739
3710 2015 2739
3711 2015 2739
3712 2015 2739
3713 2015 2739
3714 2015 2739
3715 2015 2739
3716 2015 2739
3717 2015 2739
3718 2015 2739
3719 2523 2208
3720 2015 2740
3721 2523 2208
3722 2523 2208
3723 2523 2208
3724 2523 2208
3725 2523 2208
3726 2523 2208
3727 2523 2208
3728 2523 2208
3729 2523 2208
3730 2015 2740
3731 2015 2740
3732 2015 2740
3733 2277 2737
3734 2277 2737
3735 2277 2737
3736 2277 2737
3737 2277 2737
3738 2277 2737
3739 2277 2737
3740 2277 2737
3741 2277 2737
3742 2014 1751
3743 2014 1751
3744 2014 1751
3745 2014 1751
3746 2014 1751
3747 2014 1751
3748 2014 1751
3749 2014 1751
3750 2277 2738
3751 2277 2738
3752 2277 2738
3753 2277 2738
3754 2449 2859
3755 2449 2859
3756 2449 2859
3757 2449 2859
3758 2449 2859
3759 2523 1552
3760 2523 1552
3761 2523 1552
3762 2523 1552
3763 2523 1552
3764 2523 1552
3765 2523 1552
3766 1929 1531
3767 1929 1531
3768 1929 1531
3769 1929 1531
3770 1929 1531
3771 1929 1531
3772 1929 1531
3773 1929 1531
3774 1929 1531
3775 2448 2312
3776 2448 2312
3777 2448 2312
3778 2448 2312
3779 2448 2312
3780 2448 2312
3781 2448 2312
3782 2448 2312
3783 2448 1506
3784 2448 1506
3785 2448 1506
3786 2448 1506
3787 2448 1506
3788 2448 1506
3789 2448 1506
3790 2448 1506
3791 2448 1506
3792 2448 2271
3793 2448 2271
3794 2448 2271
3795 2448 2271
3796 2448 2271
3797 2448 2271
3798 2448 2271
3799 2448 2271
3800 2448 2271
3801 2447 2858
3802 2447 2858
3803 2447 2858
3804 2447 2858
3805 2447 2858
3806 2447 2858
3807 2447 2858
3808 2447 2858
3809 2447 2858
3810 2447 2864
3811 2447 2864
3812 2447 2864
3813 2447 2864
3814 2447 2864
3815 2447 2864
3816 2447 2864
3817 2447 2858
3818 2447 2858
3819 2447 2858
3820 2449 1759
3821 2449 1759
3822 2449 1759
3823 2449 1759
3824 2449 1759
3825 2449 1759
3826 2449 1759
3827 2449 1759
3828 2449 1759
3829 1312 2672
3830 1312 2672
3831 1312 2672
3832 1312 2672
3833 1312 2672
3834 2786 2881
3835 2786 2881
3836 2786 2881
3837 2786 2881
3838 2786 2881
3839 2786 2881
3840 2786 2881
3841 1483 2383
3842 1483 2383
3843 1483 2383
3844 1483 2383
3845 1483 2383
3846 1483 2383
3847 1483 2383
3848 1483 2383
3849 1483 2383
3850 1523 3008
3851 1523 3008
3852 1523 3008
3853 1523 3008
3854 1523 3008
3855 1523 3008
3856 1523 3008
3857 2362 1963
3858 2103 1556
3859 2103 1556
3860 2103 1556
3861 2103 1556
3862 2103 1556
3863 2103 1556
3864 2103 1556
3865 2103 1556
3866 2362 1963
3867 2362 1963
3868 2362 1963
3869 2362 1963
3870 2362 1963
3871 2362 1963
3872 2362 1963
3873 2532 1964
3874 2532 1964
3875 2532 1964
3876 2532 1964
3877 2532 1964
3878 2532 1964
3879 2532 1964
3880 2532 1964
3881 2532 1964
3882 2532 1964
3883 2278 2880
3884 2278 2880
3885 2362 1565
3886 2362 1565
3887 2362 1565
3888 2362 1565
3889 2362 1565
3890 2362 1565
3891 2362 1565
3892 2362 1565
3893 2362 1565
3894 2278 2880
3895 2278 2880
3896 2532 2515
3897 2532 2515
3898 2532 2515
3899 2278 2880
3900 2278 2880
3901 2278 2880
3902 2278 2880
3903 2532 2515
3904 2532 2515
3905 2532 2515
3906 2532 2515
3907 2532 2515
3908 2532 2515
3909 2278 3007
3910 2278 3007
3911 2278 3007
3912 2278 3007
3913 2278 3007
3914 0 0
3915 0 0
3916 0 0
3917 0 0
3918 0 0
3919 0 0
3920 0 0
3921 0 0
3922 0 0
3923 2278 2566
3924 2278 2566
3925 2278 2566
3926 2278 2566
3927 2278 2566
3928 2278 2566
3929 2278 2566
3930 2278 2566
3931 2278 2566
3932 2278 2616
3933 2278 2616
3934 2278 2616
3935 2278 2616
3936 2278 2616
3937 2278 2616
3938 2278 2616
3939 2278 2616
3940 2278 2616
3941 2278 2616
3942 2278 2616
3943 2278 2565
3944 2278 2565
3945 2278 2565
3946 2278 2565
3947 2278 2565
3948 2278 2565
3949 2278 2565
3950 2278 2565
3951 2276 2564
3952 2276 2564
3953 2276 2564
3954 2276 2564
3955 2276 2564
3956 2102 1559
3957 2102 1559
3958 2102 1559
3959 2102 1559
3960 2102 1559
3961 2102 1559
3962 2102 1559
3963 2276 2564
3964 2276 2564
3965 2276 2564
3966 2102 1559
3967 2102 1559
3968 2102 1559
3969 2103 1909
3970 2103 1909
3971 2103 1909
3972 2103 1909
3973 2103 1909
3974 2103 1909
3975 2103 1909
3976 2103 1909
3977 2103 1909
3978 2102 1559
3979 2102 2617
3980 2102 2617
3981 2102 2617
3982 2361 3035
3983 2361 3035
3984 2361 3035
3985 2361 3035
3986 2102 2617
3987 2102 2617
3988 2103 2618
3989 2103 2618
3990 2103 2618
3991 2103 2618
3992 2103 2618
3993 2103 2618
